00,01,02,10,11,12,20,21,22,last
261491408628772168,-4046340385917968861,6633531330721345655,-5561967370055459692,2559920799348832698,-5949753846108525339,5956459295139293093,-6314117479378591207,-1430124653966948155,0
6217950703768065261,8086286208412991548,5203406676754397500,-5616350741089587693,-6028368336913327029,3026934853433321506,-7318299709317281934,-489213801003275831,-4314099226388381659,0
-1100349005549216673,7597072407409715717,889307450366015841,3311395612204248643,8676562676902828574,491450527776971529,3603036617480343581,-6790542153535974690,-5791674409330404202,0
2502687611931126908,806530253873741027,-4902366958964388361,-6526936620162705576,3499081031114335938,3341786274227342221,-7939623822101214435,521186618118006701,4195472903950695689,0
-5436936210170087527,1327716871991747728,-706894055013692672,-6893688788894543449,6675701393215838095,6123471068150652566,-4940566406286257978,-1377217525385209679,4651302611085004845,0
8069241457253206111,-49500653393461951,3944408556071312173,4304227719325610795,5199482561043704514,216846717668730141,6429675817937746625,-6737585666745662542,-7023456686498463910,0
2869398835722567922,4336898842886934151,-8346265701814696097,3408612817120583401,-3661379455341746486,6589763251161003628,895614902205027394,8860862016385451000,-6372916533492273487,1
3765013737927595316,-5248983214437166465,3727561838402582032,-6612488878528750189,-5298483867830628416,7671970394473894205,-6816966702757648978,4711027504110099547,-6153780035250010299,0
-3051952964830053662,-537955710327066918,-2426218196847428267,-1086617437236954875,-1663367784374662705,-3334246034470972628,-6482230545588532288,6722260577822146873,-5043501511998215078,0
8912560563290965666,6184304867495079955,-7469719708845643345,-8190470929953107447,-1019241545271907538,-4870442890450922780,-3808602196686903590,-3388355787084057116,-2808348433454145355,0
5103958366604062076,2795949080411022839,8168675931409762916,-1791156393431886885,1184300828466081024,8658560538914457697,2538602064172399054,-6882882102943802481,-1654281814080912291,0
-8716762197550341054,4941627869490501224,-6364540336457603965,1043710722691374716,4514280446011640433,2783904809961548513,-2834867116123261601,-3329979617545559409,5874655728952909184,1
6895114760035948961,1611648251944941815,-489884607504694781,-6447670947069540579,4407597332355964654,7678791323905068135,2033808286694948344,-3038098769853070874,-6050555680140472969,0
8928923046730897305,-1426450517908129059,-6540440287645167750,-5002760640622349241,-1483402473313364338,6994099142183811282,1829016366991601421,7535601778168584423,7815286535942690021,0
-7688804659987052890,6109151260260455364,1274846248297522271,-104609519895301984,-176242248333420803,-1087665898988005771,-4681992332499937457,903811036352004407,-1641594212598219940,0
-2588374247905907497,5910309217242134169,7267104056847765295,4891211372290541425,-551326539685162801,3816926010574231482,-4995820892185843409,375084291351741998,-4904591909562237253,1
1289345228827321828,7740531084631043375,-3096008075886923380,-4786601852395239441,727568788018583604,-2729260111586225711,-8768930849023770750,-1278895327703746405,6546186122160457193,1
-7479585620196448922,6461635756927296970,3450178046273533813,8378784205607195197,-6074799099540120477,-7729461970588252508,-2959153310819955368,-7332639835591071319,3933652398272132910,0
8008005142693147326,-871004078663774349,7383830444545666723,2988897106463982865,3297296981250811122,-7474892756934337768,-1926293834760115586,2843301205455069684,-2483229342276335619,0
6081711307933031740,1972297126791295335,4900601102269331104,-5220718186139620857,-8361551633421080140,-156919894672011179,9016885049819430082,8299614646901462415,-8671205944480119791,0
-3348147715957089794,-8174832300016793866,-3770604842210788687,-2900128568234370363,2035142487156346159,2077408550135843272,-211363824160235056,-7764406160280512791,4849272951650870338,0
-3559511540117324850,2507505613412244959,1078668109440081651,8216228601080296497,-714252446299676714,9084017720666876912,-8825028574158752346,8995684579489356016,2563616356224555121,0
6062203959433474420,-6943553880807950641,3642284465664636772,-6931136127921058625,-5605675628426221980,485458934511153961,-6971522527965530142,-7977891754967574461,1891228384128865289,0
-909318568532055722,3525298437934026514,5533512849793502061,2725448280758851405,-6532970507525743413,-5003031055482528244,4763831213187619688,4874878132488703001,-7144396628736179738,0
3854512644655563966,8400176570422729515,-1610883778942677677,-3248439290451952591,-3304483307901132998,3077548831605488280,-6191125941738145074,-826139048824673540,6004156340566237573,0
-2336613297082581108,7574037521598055975,4393272561623559896,4333952247354291735,-7429291387239246204,-578493778290705971,-5499045743733430430,-8406063735207984009,-1605780055749043439,0
-7835659040816011538,-832026213609928034,2787492505874516457,1610332495698389845,947336524042465335,3390711177709283504,-3988251596219117536,-2640751887791032711,2055366277340785050,0
6622833436674422542,-3472778101400960745,4842858783215301507,-7578996300881434223,-8638971566550488866,-3314949052228880048,-2916270143699752074,-2785425134752281320,-4251744962941979271,0
3706563292974670468,-6258203236153242065,591113820273322236,-3082139858631845361,-5494059099899702700,-6384466374624214847,-7254296523713220158,4847484034698319595,-4585322201820311447,0
-3547733230738549690,-1410719201454922470,-3994208381546989211,1014841229887386717,-3468013468111228045,-511461265828953100,-7181538852640900104,-8423910369562737847,7502758209248962014,0
7717471990330101822,8612114502691891299,3508549827701972803,-9178497715802861359,5332305167709816706,-4438347474885597096,-3719878013066151138,5831080938948843332,8541397489429340045,0
3997593977263950684,-4003548632068816985,-6396796756578238768,-4903187774341111129,3156288842521026068,-8690543498612734587,6301316150296495490,4272562443531564383,6557145495752761681,0
-8147833946149105442,269013811462747398,160348739174522913,3549204557366725093,7966878908978085247,-1812700524510927080,609850368801138928,2109026709560028105,-4588806886178863566,0
-7537983577347966514,2378040521022775503,-4428458147004340653,7529831845181482609,-3614757413125887258,3188320369011079664,7216458502340042566,3411011984731814016,8788084083828255745,0
-321525075007923948,5789052505754589519,4359625936823915092,-4343503876203874337,-7072384490594445820,2248912252777613977,153379589304881442,-312097593604698477,-6031945538749569783,0
-168145485703042506,5476954912149891042,-1672319601925654691,-4526415258305077907,3569427740100637787,-7127672489823265188,1271334403633534728,455391369236386105,-6696024814261333226,0
1103188917930492222,5932346281386277147,-8368344416186987917,-1048703018810558735,-2557232401599973430,6333102010960528984,3047105264376196974,2926662075732650700,-8375090822745702379,0
4150294182306689196,8859008357118927847,1703308834776861320,-8147753463530534985,-359297685339018652,1364628857768549245,2784643774960917282,6503029381016021575,8354851603069558993,0
6934937957267606478,-3084706335574602194,-8388583635863131303,8506766225965595253,-25680975472201465,-7057686810888154368,-6881594996998233024,4875777764384811225,-6846967371901017590,0
-1763787875886989894,-7857760198070607559,8242386905880952143,8314806618776594134,-4824415813440408295,2515596919967774710,191959607189001119,4798734837968206830,8873460342853622538,1
-1571828268697988775,-3059025360102400729,-1330896824974976935,5363109688569617703,-6143731695677002923,8727263612871443378,5675282842038971920,-3722737877270866895,-6980240031935611353,0
4103454573340983145,-6781763237373267624,-8311136856910588288,798557603581004297,-4983251973984853450,3571493940824207065,-2380693583537641451,1731600325765468397,8478954484763259715,0
1722760989803341694,-5050162911607799227,167817627852671427,1863385999650046234,5094766602274568109,-6060660392416741982,1374993186611319279,5361746289941188050,4997831392839181062,0
-7105776195408162521,6102512536771843519,965883730970906677,-5101765185911411747,2895464579219227348,7123489391994302902,6965151185561457981,2199302023055340761,5262594289298506732,1
-140625009846704540,8301814559827184280,6228478020269413409,1582135979956637154,3251651648219385053,6396295648122084836,-1645857190071699707,4537810509504702581,7627537385684293433,0
-1786482199918404247,-5607119004377664755,-4590728667755844774,-3636685609951871047,-3424775851031241876,4842375698294688721,-2869839350603285794,2616921413237403938,-3430359289439653361,0
-2816644483217185881,5475062986509898811,-2083128097785394681,-8303533503202523728,4232630288825079814,-6254392107149724081,4666847893250652681,-7657406139856321690,-7349976268265138814,1
1850203410033466800,-2182343153346422879,9013639707659018121,63721210115062553,-7789462157724087634,4422911039903173347,-663114837556688611,5153486908176763419,-8450568243174093585,0
1187088572476778189,2971143754830340540,563071464484924536,1774783517511930320,3306312260113356865,-2901514274301071166,-6876839905213777622,-1592740797316756141,-7048567461906138301,0
964794407642834531,-8661364488306330779,770951949885795885,3327272870189916982,-5019883722909957589,-5595148063201270983,-1552489352677986662,8326195983023314454,2693633788900199817,1
-587694945035152131,-335168505283016325,3464585738785995702,599393627441626058,2635975249547324215,4027657203270920238,-5999361928284476917,5742997283546518013,3074411728143011979,0
-6587056873319629048,5407828778263501688,6538997466929007681,-127337973772557339,747886015911293988,1733319791562395963,8211105052246054175,-5955243990767466615,-4244933760071963148,0
4157934043234097749,8371528705385792351,3850652060751386977,-7956429104700939497,4459471958944878639,778294176947171222,7829091130928382158,-3711585943033584651,955025614615224741,1
-6459718899547071709,4659942762352207700,4805677675366611718,5399968300842850859,-8378972533093842228,-7102068931413932217,3184380132154471069,4355730145194556877,8804839120685840167,0
-3275338767392600640,9015672907546764577,-4836227277657099731,2033670898212120648,-4438640646515307813,-7969684366042291512,7301172889240605649,-5268367996667509346,3192645215271845180,0
4025834121848005009,3747304910879255231,-1643582062385254551,-1060232042560815301,-2212398821424306697,-8064203275540955434,5981618006949461602,-690266568556209191,2447228189805437937,0
-8439291944912085005,3057038342323046040,803646127420183386,6489546148274027907,3211411294665576192,-4009682830895150725,-114266351645091823,5824296203959367541,-8621541506942912089,0
2610277961055998422,2833841033410925347,7017174884234146759,5581918128806587625,6199625280419031691,-1805836904976338077,907628019467440282,-2988213985753455499,-2203845925918812648,1
-2178278499928240744,-529702028802194302,-2002375643651239901,6375279796628936084,9035707498624943733,5815519735871488802,-793361667822348459,-2836082218205912042,-7621356640847826879,1
-2971640167750589203,-3365784247008106344,8823011789210484836,-361362206694590781,-531943213597180997,-2606557400264920021,4948112164140025314,-4083058350005241178,9211157722967617561,0
1976471996389436111,-7448842597013347522,-412574561531449219,8539693950224306755,-1065942683919565603,5779451199639799102,364400757822266621,1931236041013836676,-8046719921696219386,0
2340872754211702732,-5517606555999510846,-8459294483227668605,-4860903857239572776,8276824318804800997,-739113614802205878,-5200614473523775091,7762255799358164302,3591027914911460501,0
-2859741719312072359,2244649243358653456,-4868266568316208104,2665742304322059031,2081634531170720595,-6884618836523161585,1022896864026893238,-4816156880704242090,-4333548867913176415,0
-1836844855285179121,-2571507637345588634,-9201815436229384519,14949457778594027,-7877537624224698763,7271689570523996194,-7821725187719548063,2080482582225107068,5937701969122271482,0
8788174030704824432,-491025055120481566,-3264113467107113037,-8677171742240856788,-6779105152240554827,6681164605432041602,8313828264125992853,-6571255997222571578,2587362099513593289,0
-1344741778878734331,-7062281052343053144,-676751367593519748,-3052827035872332597,-9028179180439681077,7915023969758595395,8709878509847064026,6777307244625853158,-3479679473361025927,0
2156687854763532031,3826384351080266390,8036320374152227831,-2604224438102398832,-7167692957456042620,6096375607553386753,-448602597769933765,-1860486222983638457,1818648362205208642,1
1708085256993598266,1965898128096627933,-8591775337352115143,363343478114863935,-5096382924246425211,9178217368763916725,-7367268759830463623,3246618574501475532,-2024920324336714593,0
-5659183502836865357,5212516702598103465,7830048412020721880,124451786320221214,8575269055451257251,4366649794759094276,-1412049216932170428,595542764713067265,3278741289673364627,0
-7071232719769035785,5808059467311170730,-7337954372015465109,3016681203559530832,2340186681077114360,-7030517659598471315,-4293291999063296401,4000279495341375751,1514081416994115230,0
3602078538765688904,-7552966752338662461,823290775674753305,-1740070408055765263,-8680652857495604471,-5899790171506724216,4756751611615296095,-7425904535136832785,-1130727488091747099,1
8358830150380984999,3467872786234056370,-307436712416993794,1287597430611949214,-9170811820164324516,-7645391084432458903,-1292732393066474522,7807091186742321813,-4731327303207754113,0
7066097757314510477,-7171780100733173433,-5038764015624747907,-4319683521535055970,2739463238821202047,-4007502345180157214,-9215211163566352425,5210564014782474516,-8540344469164526844,0
-2149113406251841948,-1961216085950698917,4867635588920276865,613622576104459325,4027595081702278729,-2812575636504130328,-2735227451657133049,-4957019815654633901,-1964396891454809967,0
-1868376259012546199,5332167476604371684,-364409047317943472,1507982299448214399,-3098170347749923557,7589548164463070623,-894359723343755074,7125765429452202286,8044620272742350665,1
-2762735982356301273,-5988811167652977646,7680211225424407193,-4911849388608143221,-7950027253603676563,-5898897259364867558,3816409330350128449,-1744971570908710480,-1264276386271019870,0
1053673347993827176,-7733782738561688126,6415934839153387323,1011906637729639580,-6715820227926211679,5668696032670887218,-2525717465940390899,-3970253712568039638,-7122442375105709703,0
-1472044117946563723,6742707622579823852,-706507535952322380,-4457899064103878765,2799341304665396387,-2866761414339467245,-8212454975862263326,-3185903283160566514,3400798879747521857,0
8762244979900724567,3556804339419257338,2694291343795199477,4854135919835307043,6727046700343344549,5922620152998453566,6437966475824716133,-8153185360351052968,8921120367352010854,0
-3246532617984110916,-4596381020931795630,-6831332362562341285,4799037159691801344,7827843371838251937,1181075795225781850,5035942085656810181,-8530039665250326334,-8687377370391128339,0
1789409467672699265,5320323387527429652,2928034340756081992,-5032945893015541561,-8508293592066766709,-1650232893653182505,1364737951556401494,-3270936267705265778,3119242346904767177,0
3154147419229100759,2049387119822163874,6047276687660849169,2640086896999061451,-7680455620127704739,-4883181245136268606,-2638752499905294807,-4056098624283268896,-2545618328458711622,0
515394919323805952,-2006711504461105022,3501658359202137547,1032124235741378548,2696766820376367937,-425482855190705134,3706796816211659725,4186385465676522202,-4786322646190419135,0
-7319898839853367965,1466579822066452644,-8456831647554174398,-5771045287694416821,8866824967280293540,5637288356571829403,6803169523435795369,-6170058146903925603,-6062771211762534537,1
-516729316417572596,-4703478324837472959,3927141214392842681,-1334397093766644,-6710189829298577981,7428799573594980228,-1327452580987408599,1706888313702342478,-5201791554572097496,0
-1844181897404981195,-2996590011135130481,-1274650340179254815,-5017150772891137633,7450262535843055151,-322292661335626898,-1104717212722099410,-922532471792447783,-3738262678613171419,0
-2948899110127080605,-3919122482927578264,-5012913018792426234,6427077867842153363,-1310514901804549160,4360362696175900831,3323111266770744765,7144705089820495877,-3652574336688578393,0
374212156643664160,3225582606892917613,-8665487355481004627,-7948130625809325168,-6161388671907769673,1823557722234864800,-2953824209786820271,7600033554714174930,7733590383000121916,0
-2579612053143156111,-7621127912102459073,-931896972480882711,2385565131827093955,4643133132311038727,7693354160273221294,-7030284889504633022,5523319288749597021,4570154685024154481,0
8836847131061762483,-2097808623352862052,3638257712543271770,-5417769569263565717,5970835174354911644,1093280196674367699,-6321733619579797711,-2983465833612531971,-6510743786218594521,0
2515113511481964772,-5081274456965394023,-2872486073675322751,-6709276165879433884,-7175179573188408373,7284308336814679292,-2260520484925779639,326494202833522214,-5489516636357452736,0
254593026556185133,-4754780254131871809,-8362002710032775487,-8460610597692843257,2088498195090921839,3517530354101227198,6380362569412098022,-2549932297146325119,-2361575051688937219,0
-9176815299503643093,7887903336360317570,-1623805001039195444,-7905885447735963124,-1627064093035518559,-4673485656513517177,-554725149956880133,3715562288126440398,8191016010614744375,1
8715203624249028390,-6843278449222793648,6567211009575548931,8969796650805213523,6848685370354886159,-1794791700457226556,7974251524887617397,2214158640881479702,2806702950637523466,0
-1757288924572905829,-4629119808341313946,-9072830113496479219,-5017273747162532354,-195395605446262031,1312995096896890088,8249636250737701240,6511408555721788732,4358516946257951755,0
-8384574260370029269,8087798131431497062,-236583373632439710,1784911243587363468,-6120617344829264670,-6984507140051731931,-6802184990749895822,5925221739383002639,8297502236948622019,1
3259984822589626525,-4433724202895051915,8060918863316182309,1502695898016720696,-9062844011236365861,-1011911250180296910,-6897391274099255453,6033793158181065708,-1141989478914988448,0
-3637406451509628928,1600068955286013793,6918929384401193861,5777235794607759003,171087057516727433,-6762786034002449252,-5127992942257838865,6922014851337735545,-8019991474068972207,0
-8765399393767467793,8522083806623749338,-1101062089667778346,1565188138524536168,5690525448392410038,1461842386302573465,656233470013209054,9043822836817429711,96717046077577235,0
-8109165923754258739,-880837430268372567,-1004345043590201111,4449833834738779360,-5474070649036457001,-450130654800251522,9161921047619269871,-7478605746236388592,3496620361158489508,0
1052755123865011132,-8359443176504761159,2492275317568288397,-2729478943621480121,7221925399136735321,8031040341494814780,5757851719082212727,6132044872041892133,-8440468220621969267,0
6810606842947223859,-2227398304462869026,-5948192903053680870,-1797157612354371292,8899173662252889402,6140930388475035389,8357438066569392058,448931126178964511,-5911018320239252109,0
-3278699164192935699,-1778467178283904515,6587532850416618637,2882125829149368,5791170431864044883,-5041766304640531062,-3716944395702887461,7580057165746536100,6022542068682538392,0
426716728193354290,4370282075932483085,2285311926586652877,3711180144044588725,-715653955765074250,4060990540598523732,-3708298018215439357,6506824387629119133,-9102756845239054794,1
7737038243939990363,726073511363660952,-4855893390568387257,-3714062269873738093,-5075516476098970633,980775764042007330,7425242413918326818,4359862520333896383,3080214776556516402,1
-3284463415851234435,5085936031697557335,-1775678614011870855,-2857746687657880145,-8990525966079511196,509633312574782022,-8360629903983317453,6541504506576809910,2281365651108642959,0
6801650753874999728,-6819303535435184371,505687037096772104,2384924916108801858,2359115543336481588,3802373037876969189,-6867869560412931601,-2174799081939052185,-8556976929456653133,0
4129820649852723897,4365777446867493078,-6146828184954451519,2098019728195327885,-2543432004733910991,952230853702714755,286905187913473973,4902547548070392579,2850142184174254434,1
4416725837766197870,-9178419078771665959,-3296686000780197085,-7228367482068354018,2449021459502701286,-2790998963683424981,6631092499978327871,-3292237244461694076,5694024849502311809,0
8252359192351734455,2764476401388774589,2173285004451191030,7825642464158380165,-1605805674543708496,-112026922135461847,3392734127482817433,4054827134046409782,-2678972041547963134,1
-6801650753874999728,6819303535435184371,-505687037096772104,-2384924916108801858,-2359115543336481588,-3802373037876969189,475134751619983117,-183774936073504203,6568944977260052258,0
-6326516002255016611,6635528599361680168,6063257940163280154,3883921904710699653,-7718577354396177071,-3553656253999908239,2908477691155413802,-2378716404743009903,-3791793007899130788,0
-3418038311099602809,4256812194618670265,2271464932264149366,-43677026333092163,-1583669369901846444,-2802519397370740295,6349759315366325821,-6217274533861508694,-7326615762578550422,0
2931721004266723012,-1960462339242838429,-5055150830314401056,-6277219776142871934,6724875491460519620,-1792692746868541213,4506889490321908453,-6758241577869476567,-3020882248239997326,0
7438610494588631465,-8718703917112314996,-8076033078554398382,-5339853370353252167,975970153075964677,-2518897078507783687,218615967843647870,-7635096138010437847,9123687994463208516,0
-8314080139261110969,-4987488391405735857,-7124132758986472150,-7985653300846695152,5683155831858508493,-4085893837447641142,2645799930493442985,-4707185678782543816,1566996758939857455,1
2535989059922675038,-4566181966347674397,7652445831864234963,-5121237402509604297,-6659125984934473170,6604790915955424829,-2864415898337090855,-6104462256916569953,7756059320306485645,1
-328426838414415817,7776099850445307266,-3038238921538831008,-8642506977675526786,2788611459039571409,8284372393184248458,5109945097267344792,1489621385209883285,-7445218854979733599,0
4781518258852928975,-9181022838054361065,7963286297190987009,6030474637297675956,4362931241850284180,-1681017941123062739,-7241573363931614581,-1902312707206603612,-5775720945342974174,0
6347937147303391348,-6283691024539342557,2016334933316660523,-4819375910663737331,-6823549776493964748,9137756827589099652,-7596893525748138329,-7260263055365302688,7627969304997389225,1
-3671153831712624231,-8622717010617284109,-5269173534618024078,-1211098726633938625,2460618534643680568,-7456738886466036913,-3608277184029798706,9162575762571906300,-1852248359654415051,1
4781518258852928975,-9181022838054361065,7963286297190987009,6030474637297675956,4362931241850284180,-1681017941123062739,-7241573363931614581,-1902312707206603612,-5775720945342974174,1
6347937147303391348,-6283691024539342557,2016334933316660523,-4819375910663737331,-6823549776493964748,9137756827589099652,-7596893525748138329,-7260263055365302688,7627969304997389225,1
-3671153831712624231,-8622717010617284109,-5269173534618024078,-1211098726633938625,2460618534643680568,-7456738886466036913,-3608277184029798706,9162575762571906300,-1852248359654415051,1
4781518258852928975,-9181022838054361065,7963286297190987009,6030474637297675956,4362931241850284180,-1681017941123062739,-7241573363931614581,-1902312707206603612,-5775720945342974174,1
6347937147303391348,-6283691024539342557,2016334933316660523,-4819375910663737331,-6823549776493964748,9137756827589099652,-7596893525748138329,-7260263055365302688,7627969304997389225,1
-3671153831712624231,-8622717010617284109,-5269173534618024078,-1211098726633938625,2460618534643680568,-7456738886466036913,-3608277184029798706,9162575762571906300,-1852248359654415051,1
4781518258852928975,-9181022838054361065,7963286297190987009,6030474637297675956,4362931241850284180,-1681017941123062739,-7241573363931614581,-1902312707206603612,-5775720945342974174,1
6347937147303391348,-6283691024539342557,2016334933316660523,-4819375910663737331,-6823549776493964748,9137756827589099652,-7596893525748138329,-7260263055365302688,7627969304997389225,1
-3671153831712624231,-8622717010617284109,-5269173534618024078,-1211098726633938625,2460618534643680568,-7456738886466036913,-3608277184029798706,9162575762571906300,-1852248359654415051,1
4781518258852928975,-9181022838054361065,7963286297190987009,6030474637297675956,4362931241850284180,-1681017941123062739,-7241573363931614581,-1902312707206603612,-5775720945342974174,1
6347937147303391348,-6283691024539342557,2016334933316660523,-4819375910663737331,-6823549776493964748,9137756827589099652,-7596893525748138329,-7260263055365302688,7627969304997389225,1
-3671153831712624231,-8622717010617284109,-5269173534618024078,-1211098726633938625,2460618534643680568,-7456738886466036913,-3608277184029798706,9162575762571906300,-1852248359654415051,1
4781518258852928975,-9181022838054361065,7963286297190987009,6030474637297675956,4362931241850284180,-1681017941123062739,-7241573363931614581,-1902312707206603612,-5775720945342974174,1
6347937147303391348,-6283691024539342557,2016334933316660523,-4819375910663737331,-6823549776493964748,9137756827589099652,-7596893525748138329,-7260263055365302688,7627969304997389225,1
-3671153831712624231,-8622717010617284109,-5269173534618024078,-1211098726633938625,2460618534643680568,-7456738886466036913,-3608277184029798706,9162575762571906300,-1852248359654415051,1
4781518258852928975,-9181022838054361065,7963286297190987009,6030474637297675956,4362931241850284180,-1681017941123062739,-7241573363931614581,-1902312707206603612,-5775720945342974174,1
6347937147303391348,-6283691024539342557,2016334933316660523,-4819375910663737331,-6823549776493964748,9137756827589099652,-7596893525748138329,-7260263055365302688,7627969304997389225,1
-3671153831712624231,-8622717010617284109,-5269173534618024078,-1211098726633938625,2460618534643680568,-7456738886466036913,-3608277184029798706,9162575762571906300,-1852248359654415051,1
4781518258852928975,-9181022838054361065,7963286297190987009,6030474637297675956,4362931241850284180,-1681017941123062739,-7241573363931614581,-1902312707206603612,-5775720945342974174,1
6347937147303391348,-6283691024539342557,2016334933316660523,-4819375910663737331,-6823549776493964748,9137756827589099652,-7596893525748138329,-7260263055365302688,7627969304997389225,1
-3671153831712624231,-8622717010617284109,-5269173534618024078,-1211098726633938625,2460618534643680568,-7456738886466036913,-3608277184029798706,9162575762571906300,-1852248359654415051,1
4781518258852928975,-9181022838054361065,7963286297190987009,6030474637297675956,4362931241850284180,-1681017941123062739,-7241573363931614581,-1902312707206603612,-5775720945342974174,1
6347937147303391348,-6283691024539342557,2016334933316660523,-4819375910663737331,-6823549776493964748,9137756827589099652,-7596893525748138329,-7260263055365302688,7627969304997389225,1
-3671153831712624231,-8622717010617284109,-5269173534618024078,-1211098726633938625,2460618534643680568,-7456738886466036913,-3608277184029798706,9162575762571906300,-1852248359654415051,1
4781518258852928975,-9181022838054361065,7963286297190987009,6030474637297675956,4362931241850284180,-1681017941123062739,-7241573363931614581,-1902312707206603612,-5775720945342974174,1
6347937147303391348,-6283691024539342557,2016334933316660523,-4819375910663737331,-6823549776493964748,9137756827589099652,-7596893525748138329,-7260263055365302688,7627969304997389225,1
-3671153831712624231,-8622717010617284109,-5269173534618024078,-1211098726633938625,2460618534643680568,-7456738886466036913,-3608277184029798706,9162575762571906300,-1852248359654415051,1
4781518258852928975,-9181022838054361065,7963286297190987009,6030474637297675956,4362931241850284180,-1681017941123062739,-7241573363931614581,-1902312707206603612,-5775720945342974174,1
6347937147303391348,-6283691024539342557,2016334933316660523,-4819375910663737331,-6823549776493964748,9137756827589099652,-7596893525748138329,-7260263055365302688,7627969304997389225,1
-3671153831712624231,-8622717010617284109,-5269173534618024078,-1211098726633938625,2460618534643680568,-7456738886466036913,-3608277184029798706,9162575762571906300,-1852248359654415051,1
4781518258852928975,-9181022838054361065,7963286297190987009,6030474637297675956,4362931241850284180,-1681017941123062739,-7241573363931614581,-1902312707206603612,-5775720945342974174,1
6347937147303391348,-6283691024539342557,2016334933316660523,-4819375910663737331,-6823549776493964748,9137756827589099652,-7596893525748138329,-7260263055365302688,7627969304997389225,1
-3671153831712624231,-8622717010617284109,-5269173534618024078,-1211098726633938625,2460618534643680568,-7456738886466036913,-3608277184029798706,9162575762571906300,-1852248359654415051,1
4781518258852928975,-9181022838054361065,7963286297190987009,6030474637297675956,4362931241850284180,-1681017941123062739,-7241573363931614581,-1902312707206603612,-5775720945342974174,1
6347937147303391348,-6283691024539342557,2016334933316660523,-4819375910663737331,-6823549776493964748,9137756827589099652,-7596893525748138329,-7260263055365302688,7627969304997389225,1
-3671153831712624231,-8622717010617284109,-5269173534618024078,-1211098726633938625,2460618534643680568,-7456738886466036913,-3608277184029798706,9162575762571906300,-1852248359654415051,1
4781518258852928975,-9181022838054361065,7963286297190987009,6030474637297675956,4362931241850284180,-1681017941123062739,-7241573363931614581,-1902312707206603612,-5775720945342974174,1
6347937147303391348,-6283691024539342557,2016334933316660523,-4819375910663737331,-6823549776493964748,9137756827589099652,-7596893525748138329,-7260263055365302688,7627969304997389225,1
-3671153831712624231,-8622717010617284109,-5269173534618024078,-1211098726633938625,2460618534643680568,-7456738886466036913,-3608277184029798706,9162575762571906300,-1852248359654415051,1
4781518258852928975,-9181022838054361065,7963286297190987009,6030474637297675956,4362931241850284180,-1681017941123062739,-7241573363931614581,-1902312707206603612,-5775720945342974174,1
6347937147303391348,-6283691024539342557,2016334933316660523,-4819375910663737331,-6823549776493964748,9137756827589099652,-7596893525748138329,-7260263055365302688,7627969304997389225,1
-3671153831712624231,-8622717010617284109,-5269173534618024078,-1211098726633938625,2460618534643680568,-7456738886466036913,-3608277184029798706,9162575762571906300,-1852248359654415051,1
4781518258852928975,-9181022838054361065,7963286297190987009,6030474637297675956,4362931241850284180,-1681017941123062739,-7241573363931614581,-1902312707206603612,-5775720945342974174,1
6347937147303391348,-6283691024539342557,2016334933316660523,-4819375910663737331,-6823549776493964748,9137756827589099652,-7596893525748138329,-7260263055365302688,7627969304997389225,1
-3671153831712624231,-8622717010617284109,-5269173534618024078,-1211098726633938625,2460618534643680568,-7456738886466036913,-3608277184029798706,9162575762571906300,-1852248359654415051,1
4781518258852928975,-9181022838054361065,7963286297190987009,6030474637297675956,4362931241850284180,-1681017941123062739,-7241573363931614581,-1902312707206603612,-5775720945342974174,1
6347937147303391348,-6283691024539342557,2016334933316660523,-4819375910663737331,-6823549776493964748,9137756827589099652,-7596893525748138329,-7260263055365302688,7627969304997389225,1
-3671153831712624231,-8622717010617284109,-5269173534618024078,-1211098726633938625,2460618534643680568,-7456738886466036913,-3608277184029798706,9162575762571906300,-1852248359654415051,1
4781518258852928975,-9181022838054361065,7963286297190987009,6030474637297675956,4362931241850284180,-1681017941123062739,-7241573363931614581,-1902312707206603612,-5775720945342974174,1
6347937147303391348,-6283691024539342557,2016334933316660523,-4819375910663737331,-6823549776493964748,9137756827589099652,-7596893525748138329,-7260263055365302688,7627969304997389225,1
-3671153831712624231,-8622717010617284109,-5269173534618024078,-1211098726633938625,2460618534643680568,-7456738886466036913,-3608277184029798706,9162575762571906300,-1852248359654415051,1
4781518258852928975,-9181022838054361065,7963286297190987009,6030474637297675956,4362931241850284180,-1681017941123062739,-7241573363931614581,-1902312707206603612,-5775720945342974174,1
6347937147303391348,-6283691024539342557,2016334933316660523,-4819375910663737331,-6823549776493964748,9137756827589099652,-7596893525748138329,-7260263055365302688,7627969304997389225,1
-3671153831712624231,-8622717010617284109,-5269173534618024078,-1211098726633938625,2460618534643680568,-7456738886466036913,-3608277184029798706,9162575762571906300,-1852248359654415051,1
4781518258852928975,-9181022838054361065,7963286297190987009,6030474637297675956,4362931241850284180,-1681017941123062739,-7241573363931614581,-1902312707206603612,-5775720945342974174,1
6347937147303391348,-6283691024539342557,2016334933316660523,-4819375910663737331,-6823549776493964748,9137756827589099652,-7596893525748138329,-7260263055365302688,7627969304997389225,1
-3671153831712624231,-8622717010617284109,-5269173534618024078,-1211098726633938625,2460618534643680568,-7456738886466036913,-3608277184029798706,9162575762571906300,-1852248359654415051,1
4781518258852928975,-9181022838054361065,7963286297190987009,6030474637297675956,4362931241850284180,-1681017941123062739,-7241573363931614581,-1902312707206603612,-5775720945342974174,1
6347937147303391348,-6283691024539342557,2016334933316660523,-4819375910663737331,-6823549776493964748,9137756827589099652,-7596893525748138329,-7260263055365302688,7627969304997389225,1
-3671153831712624231,-8622717010617284109,-5269173534618024078,-1211098726633938625,2460618534643680568,-7456738886466036913,-3608277184029798706,9162575762571906300,-1852248359654415051,1
4781518258852928975,-9181022838054361065,7963286297190987009,6030474637297675956,4362931241850284180,-1681017941123062739,-7241573363931614581,-1902312707206603612,-5775720945342974174,1
6347937147303391348,-6283691024539342557,2016334933316660523,-4819375910663737331,-6823549776493964748,9137756827589099652,-7596893525748138329,-7260263055365302688,7627969304997389225,1
-3671153831712624231,-8622717010617284109,-5269173534618024078,-1211098726633938625,2460618534643680568,-7456738886466036913,-3608277184029798706,9162575762571906300,-1852248359654415051,1
4781518258852928975,-9181022838054361065,7963286297190987009,6030474637297675956,4362931241850284180,-1681017941123062739,-7241573363931614581,-1902312707206603612,-5775720945342974174,1
6347937147303391348,-6283691024539342557,2016334933316660523,-4819375910663737331,-6823549776493964748,9137756827589099652,-7596893525748138329,-7260263055365302688,7627969304997389225,1
-3671153831712624231,-8622717010617284109,-5269173534618024078,-1211098726633938625,2460618534643680568,-7456738886466036913,-3608277184029798706,9162575762571906300,-1852248359654415051,1
4781518258852928975,-9181022838054361065,7963286297190987009,6030474637297675956,4362931241850284180,-1681017941123062739,-7241573363931614581,-1902312707206603612,-5775720945342974174,1
6347937147303391348,-6283691024539342557,2016334933316660523,-4819375910663737331,-6823549776493964748,9137756827589099652,-7596893525748138329,-7260263055365302688,7627969304997389225,1
-3671153831712624231,-8622717010617284109,-5269173534618024078,-1211098726633938625,2460618534643680568,-7456738886466036913,-3608277184029798706,9162575762571906300,-1852248359654415051,1
4781518258852928975,-9181022838054361065,7963286297190987009,6030474637297675956,4362931241850284180,-1681017941123062739,-7241573363931614581,-1902312707206603612,-5775720945342974174,1
6347937147303391348,-6283691024539342557,2016334933316660523,-4819375910663737331,-6823549776493964748,9137756827589099652,-7596893525748138329,-7260263055365302688,7627969304997389225,1
-3671153831712624231,-8622717010617284109,-5269173534618024078,-1211098726633938625,2460618534643680568,-7456738886466036913,-3608277184029798706,9162575762571906300,-1852248359654415051,1
4781518258852928975,-9181022838054361065,7963286297190987009,6030474637297675956,4362931241850284180,-1681017941123062739,-7241573363931614581,-1902312707206603612,-5775720945342974174,1
6347937147303391348,-6283691024539342557,2016334933316660523,-4819375910663737331,-6823549776493964748,9137756827589099652,-7596893525748138329,-7260263055365302688,7627969304997389225,1
-3671153831712624231,-8622717010617284109,-5269173534618024078,-1211098726633938625,2460618534643680568,-7456738886466036913,-3608277184029798706,9162575762571906300,-1852248359654415051,1
4781518258852928975,-9181022838054361065,7963286297190987009,6030474637297675956,4362931241850284180,-1681017941123062739,-7241573363931614581,-1902312707206603612,-5775720945342974174,1
6347937147303391348,-6283691024539342557,2016334933316660523,-4819375910663737331,-6823549776493964748,9137756827589099652,-7596893525748138329,-7260263055365302688,7627969304997389225,1
-3671153831712624231,-8622717010617284109,-5269173534618024078,-1211098726633938625,2460618534643680568,-7456738886466036913,-3608277184029798706,9162575762571906300,-1852248359654415051,1
4781518258852928975,-9181022838054361065,7963286297190987009,6030474637297675956,4362931241850284180,-1681017941123062739,-7241573363931614581,-1902312707206603612,-5775720945342974174,1
6347937147303391348,-6283691024539342557,2016334933316660523,-4819375910663737331,-6823549776493964748,9137756827589099652,-7596893525748138329,-7260263055365302688,7627969304997389225,1
-3671153831712624231,-8622717010617284109,-5269173534618024078,-1211098726633938625,2460618534643680568,-7456738886466036913,-3608277184029798706,9162575762571906300,-1852248359654415051,1
4781518258852928975,-9181022838054361065,7963286297190987009,6030474637297675956,4362931241850284180,-1681017941123062739,-7241573363931614581,-1902312707206603612,-5775720945342974174,1
6347937147303391348,-6283691024539342557,2016334933316660523,-4819375910663737331,-6823549776493964748,9137756827589099652,-7596893525748138329,-7260263055365302688,7627969304997389225,1
-3671153831712624231,-8622717010617284109,-5269173534618024078,-1211098726633938625,2460618534643680568,-7456738886466036913,-3608277184029798706,9162575762571906300,-1852248359654415051,1
4781518258852928975,-9181022838054361065,7963286297190987009,6030474637297675956,4362931241850284180,-1681017941123062739,-7241573363931614581,-1902312707206603612,-5775720945342974174,1
6347937147303391348,-6283691024539342557,2016334933316660523,-4819375910663737331,-6823549776493964748,9137756827589099652,-7596893525748138329,-7260263055365302688,7627969304997389225,1
-3671153831712624231,-8622717010617284109,-5269173534618024078,-1211098726633938625,2460618534643680568,-7456738886466036913,-3608277184029798706,9162575762571906300,-1852248359654415051,1
4781518258852928975,-9181022838054361065,7963286297190987009,6030474637297675956,4362931241850284180,-1681017941123062739,-7241573363931614581,-1902312707206603612,-5775720945342974174,1
6347937147303391348,-6283691024539342557,2016334933316660523,-4819375910663737331,-6823549776493964748,9137756827589099652,-7596893525748138329,-7260263055365302688,7627969304997389225,1
-3671153831712624231,-8622717010617284109,-5269173534618024078,-1211098726633938625,2460618534643680568,-7456738886466036913,-3608277184029798706,9162575762571906300,-1852248359654415051,1
4781518258852928975,-9181022838054361065,7963286297190987009,6030474637297675956,4362931241850284180,-1681017941123062739,-7241573363931614581,-1902312707206603612,-5775720945342974174,1
6347937147303391348,-6283691024539342557,2016334933316660523,-4819375910663737331,-6823549776493964748,9137756827589099652,-7596893525748138329,-7260263055365302688,7627969304997389225,1
-3671153831712624231,-8622717010617284109,-5269173534618024078,-1211098726633938625,2460618534643680568,-7456738886466036913,-3608277184029798706,9162575762571906300,-1852248359654415051,1
4781518258852928975,-9181022838054361065,7963286297190987009,6030474637297675956,4362931241850284180,-1681017941123062739,-7241573363931614581,-1902312707206603612,-5775720945342974174,1
6347937147303391348,-6283691024539342557,2016334933316660523,-4819375910663737331,-6823549776493964748,9137756827589099652,-7596893525748138329,-7260263055365302688,7627969304997389225,1
-3671153831712624231,-8622717010617284109,-5269173534618024078,-1211098726633938625,2460618534643680568,-7456738886466036913,-3608277184029798706,9162575762571906300,-1852248359654415051,1
4781518258852928975,-9181022838054361065,7963286297190987009,6030474637297675956,4362931241850284180,-1681017941123062739,-7241573363931614581,-1902312707206603612,-5775720945342974174,1
6347937147303391348,-6283691024539342557,2016334933316660523,-4819375910663737331,-6823549776493964748,9137756827589099652,-7596893525748138329,-7260263055365302688,7627969304997389225,1
-3671153831712624231,-8622717010617284109,-5269173534618024078,-1211098726633938625,2460618534643680568,-7456738886466036913,-3608277184029798706,9162575762571906300,-1852248359654415051,1
4781518258852928975,-9181022838054361065,7963286297190987009,6030474637297675956,4362931241850284180,-1681017941123062739,-7241573363931614581,-1902312707206603612,-5775720945342974174,1
6347937147303391348,-6283691024539342557,2016334933316660523,-4819375910663737331,-6823549776493964748,9137756827589099652,-7596893525748138329,-7260263055365302688,7627969304997389225,1
-3671153831712624231,-8622717010617284109,-5269173534618024078,-1211098726633938625,2460618534643680568,-7456738886466036913,-3608277184029798706,9162575762571906300,-1852248359654415051,1
4781518258852928975,-9181022838054361065,7963286297190987009,6030474637297675956,4362931241850284180,-1681017941123062739,-7241573363931614581,-1902312707206603612,-5775720945342974174,1
6347937147303391348,-6283691024539342557,2016334933316660523,-4819375910663737331,-6823549776493964748,9137756827589099652,-7596893525748138329,-7260263055365302688,7627969304997389225,1
-3671153831712624231,-8622717010617284109,-5269173534618024078,-1211098726633938625,2460618534643680568,-7456738886466036913,-3608277184029798706,9162575762571906300,-1852248359654415051,1
4781518258852928975,-9181022838054361065,7963286297190987009,6030474637297675956,4362931241850284180,-1681017941123062739,-7241573363931614581,-1902312707206603612,-5775720945342974174,1
6347937147303391348,-6283691024539342557,2016334933316660523,-4819375910663737331,-6823549776493964748,9137756827589099652,-7596893525748138329,-7260263055365302688,7627969304997389225,1
-3671153831712624231,-8622717010617284109,-5269173534618024078,-1211098726633938625,2460618534643680568,-7456738886466036913,-3608277184029798706,9162575762571906300,-1852248359654415051,1
4781518258852928975,-9181022838054361065,7963286297190987009,6030474637297675956,4362931241850284180,-1681017941123062739,-7241573363931614581,-1902312707206603612,-5775720945342974174,1
6347937147303391348,-6283691024539342557,2016334933316660523,-4819375910663737331,-6823549776493964748,9137756827589099652,-7596893525748138329,-7260263055365302688,7627969304997389225,1
-3671153831712624231,-8622717010617284109,-5269173534618024078,-1211098726633938625,2460618534643680568,-7456738886466036913,-3608277184029798706,9162575762571906300,-1852248359654415051,1
4781518258852928975,-9181022838054361065,7963286297190987009,6030474637297675956,4362931241850284180,-1681017941123062739,-7241573363931614581,-1902312707206603612,-5775720945342974174,1
6347937147303391348,-6283691024539342557,2016334933316660523,-4819375910663737331,-6823549776493964748,9137756827589099652,-7596893525748138329,-7260263055365302688,7627969304997389225,1
-3671153831712624231,-8622717010617284109,-5269173534618024078,-1211098726633938625,2460618534643680568,-7456738886466036913,-3608277184029798706,9162575762571906300,-1852248359654415051,1
4781518258852928975,-9181022838054361065,7963286297190987009,6030474637297675956,4362931241850284180,-1681017941123062739,-7241573363931614581,-1902312707206603612,-5775720945342974174,1
6347937147303391348,-6283691024539342557,2016334933316660523,-4819375910663737331,-6823549776493964748,9137756827589099652,-7596893525748138329,-7260263055365302688,7627969304997389225,1
-3671153831712624231,-8622717010617284109,-5269173534618024078,-1211098726633938625,2460618534643680568,-7456738886466036913,-3608277184029798706,9162575762571906300,-1852248359654415051,1
4781518258852928975,-9181022838054361065,7963286297190987009,6030474637297675956,4362931241850284180,-1681017941123062739,-7241573363931614581,-1902312707206603612,-5775720945342974174,1
6347937147303391348,-6283691024539342557,2016334933316660523,-4819375910663737331,-6823549776493964748,9137756827589099652,-7596893525748138329,-7260263055365302688,7627969304997389225,1
-3671153831712624231,-8622717010617284109,-5269173534618024078,-1211098726633938625,2460618534643680568,-7456738886466036913,-3608277184029798706,9162575762571906300,-1852248359654415051,1
4781518258852928975,-9181022838054361065,7963286297190987009,6030474637297675956,4362931241850284180,-1681017941123062739,-7241573363931614581,-1902312707206603612,-5775720945342974174,1
6347937147303391348,-6283691024539342557,2016334933316660523,-4819375910663737331,-6823549776493964748,9137756827589099652,-7596893525748138329,-7260263055365302688,7627969304997389225,1
-3671153831712624231,-8622717010617284109,-5269173534618024078,-1211098726633938625,2460618534643680568,-7456738886466036913,-3608277184029798706,9162575762571906300,-1852248359654415051,1
4781518258852928975,-9181022838054361065,7963286297190987009,6030474637297675956,4362931241850284180,-1681017941123062739,-7241573363931614581,-1902312707206603612,-5775720945342974174,1
6347937147303391348,-6283691024539342557,2016334933316660523,-4819375910663737331,-6823549776493964748,9137756827589099652,-7596893525748138329,-7260263055365302688,7627969304997389225,1
-3671153831712624231,-8622717010617284109,-5269173534618024078,-1211098726633938625,2460618534643680568,-7456738886466036913,-3608277184029798706,9162575762571906300,-1852248359654415051,1
4781518258852928975,-9181022838054361065,7963286297190987009,6030474637297675956,4362931241850284180,-1681017941123062739,-7241573363931614581,-1902312707206603612,-5775720945342974174,1
6347937147303391348,-6283691024539342557,2016334933316660523,-4819375910663737331,-6823549776493964748,9137756827589099652,-7596893525748138329,-7260263055365302688,7627969304997389225,1
-3671153831712624231,-8622717010617284109,-5269173534618024078,-1211098726633938625,2460618534643680568,-7456738886466036913,-3608277184029798706,9162575762571906300,-1852248359654415051,1
4781518258852928975,-9181022838054361065,7963286297190987009,6030474637297675956,4362931241850284180,-1681017941123062739,-7241573363931614581,-1902312707206603612,-5775720945342974174,1
6347937147303391348,-6283691024539342557,2016334933316660523,-4819375910663737331,-6823549776493964748,9137756827589099652,-7596893525748138329,-7260263055365302688,7627969304997389225,1
-3671153831712624231,-8622717010617284109,-5269173534618024078,-1211098726633938625,2460618534643680568,-7456738886466036913,-3608277184029798706,9162575762571906300,-1852248359654415051,1
4781518258852928975,-9181022838054361065,7963286297190987009,6030474637297675956,4362931241850284180,-1681017941123062739,-7241573363931614581,-1902312707206603612,-5775720945342974174,1
6347937147303391348,-6283691024539342557,2016334933316660523,-4819375910663737331,-6823549776493964748,9137756827589099652,-7596893525748138329,-7260263055365302688,7627969304997389225,1
-3671153831712624231,-8622717010617284109,-5269173534618024078,-1211098726633938625,2460618534643680568,-7456738886466036913,-3608277184029798706,9162575762571906300,-1852248359654415051,1
4781518258852928975,-9181022838054361065,7963286297190987009,6030474637297675956,4362931241850284180,-1681017941123062739,-7241573363931614581,-1902312707206603612,-5775720945342974174,1
6347937147303391348,-6283691024539342557,2016334933316660523,-4819375910663737331,-6823549776493964748,9137756827589099652,-7596893525748138329,-7260263055365302688,7627969304997389225,1
-3671153831712624231,-8622717010617284109,-5269173534618024078,-1211098726633938625,2460618534643680568,-7456738886466036913,-3608277184029798706,9162575762571906300,-1852248359654415051,1
4781518258852928975,-9181022838054361065,7963286297190987009,6030474637297675956,4362931241850284180,-1681017941123062739,-7241573363931614581,-1902312707206603612,-5775720945342974174,1
6347937147303391348,-6283691024539342557,2016334933316660523,-4819375910663737331,-6823549776493964748,9137756827589099652,-7596893525748138329,-7260263055365302688,7627969304997389225,1
-3671153831712624231,-8622717010617284109,-5269173534618024078,-1211098726633938625,2460618534643680568,-7456738886466036913,-3608277184029798706,9162575762571906300,-1852248359654415051,1
4781518258852928975,-9181022838054361065,7963286297190987009,6030474637297675956,4362931241850284180,-1681017941123062739,-7241573363931614581,-1902312707206603612,-5775720945342974174,1
6347937147303391348,-6283691024539342557,2016334933316660523,-4819375910663737331,-6823549776493964748,9137756827589099652,-7596893525748138329,-7260263055365302688,7627969304997389225,1
-3671153831712624231,-8622717010617284109,-5269173534618024078,-1211098726633938625,2460618534643680568,-7456738886466036913,-3608277184029798706,9162575762571906300,-1852248359654415051,1
4781518258852928975,-9181022838054361065,7963286297190987009,6030474637297675956,4362931241850284180,-1681017941123062739,-7241573363931614581,-1902312707206603612,-5775720945342974174,1
6347937147303391348,-6283691024539342557,2016334933316660523,-4819375910663737331,-6823549776493964748,9137756827589099652,-7596893525748138329,-7260263055365302688,7627969304997389225,1
-3671153831712624231,-8622717010617284109,-5269173534618024078,-1211098726633938625,2460618534643680568,-7456738886466036913,-3608277184029798706,9162575762571906300,-1852248359654415051,1
4781518258852928975,-9181022838054361065,7963286297190987009,6030474637297675956,4362931241850284180,-1681017941123062739,-7241573363931614581,-1902312707206603612,-5775720945342974174,1
6347937147303391348,-6283691024539342557,2016334933316660523,-4819375910663737331,-6823549776493964748,9137756827589099652,-7596893525748138329,-7260263055365302688,7627969304997389225,1
-3671153831712624231,-8622717010617284109,-5269173534618024078,-1211098726633938625,2460618534643680568,-7456738886466036913,-3608277184029798706,9162575762571906300,-1852248359654415051,1
4781518258852928975,-9181022838054361065,7963286297190987009,6030474637297675956,4362931241850284180,-1681017941123062739,-7241573363931614581,-1902312707206603612,-5775720945342974174,1
6347937147303391348,-6283691024539342557,2016334933316660523,-4819375910663737331,-6823549776493964748,9137756827589099652,-7596893525748138329,-7260263055365302688,7627969304997389225,1
-3671153831712624231,-8622717010617284109,-5269173534618024078,-1211098726633938625,2460618534643680568,-7456738886466036913,-3608277184029798706,9162575762571906300,-1852248359654415051,1
4781518258852928975,-9181022838054361065,7963286297190987009,6030474637297675956,4362931241850284180,-1681017941123062739,-7241573363931614581,-1902312707206603612,-5775720945342974174,1
6347937147303391348,-6283691024539342557,2016334933316660523,-4819375910663737331,-6823549776493964748,9137756827589099652,-7596893525748138329,-7260263055365302688,7627969304997389225,1
-3671153831712624231,-8622717010617284109,-5269173534618024078,-1211098726633938625,2460618534643680568,-7456738886466036913,-3608277184029798706,9162575762571906300,-1852248359654415051,1
4781518258852928975,-9181022838054361065,7963286297190987009,6030474637297675956,4362931241850284180,-1681017941123062739,-7241573363931614581,-1902312707206603612,-5775720945342974174,1
6347937147303391348,-6283691024539342557,2016334933316660523,-4819375910663737331,-6823549776493964748,9137756827589099652,-7596893525748138329,-7260263055365302688,7627969304997389225,1
-3671153831712624231,-8622717010617284109,-5269173534618024078,-1211098726633938625,2460618534643680568,-7456738886466036913,-3608277184029798706,9162575762571906300,-1852248359654415051,1
4781518258852928975,-9181022838054361065,7963286297190987009,6030474637297675956,4362931241850284180,-1681017941123062739,-7241573363931614581,-1902312707206603612,-5775720945342974174,1
6347937147303391348,-6283691024539342557,2016334933316660523,-4819375910663737331,-6823549776493964748,9137756827589099652,-7596893525748138329,-7260263055365302688,7627969304997389225,1
-3671153831712624231,-8622717010617284109,-5269173534618024078,-1211098726633938625,2460618534643680568,-7456738886466036913,-3608277184029798706,9162575762571906300,-1852248359654415051,1
4781518258852928975,-9181022838054361065,7963286297190987009,6030474637297675956,4362931241850284180,-1681017941123062739,-7241573363931614581,-1902312707206603612,-5775720945342974174,1
6347937147303391348,-6283691024539342557,2016334933316660523,-4819375910663737331,-6823549776493964748,9137756827589099652,-7596893525748138329,-7260263055365302688,7627969304997389225,1
-3671153831712624231,-8622717010617284109,-5269173534618024078,-1211098726633938625,2460618534643680568,-7456738886466036913,-3608277184029798706,9162575762571906300,-1852248359654415051,1
4781518258852928975,-9181022838054361065,7963286297190987009,6030474637297675956,4362931241850284180,-1681017941123062739,-7241573363931614581,-1902312707206603612,-5775720945342974174,1
6347937147303391348,-6283691024539342557,2016334933316660523,-4819375910663737331,-6823549776493964748,9137756827589099652,-7596893525748138329,-7260263055365302688,7627969304997389225,1
-3671153831712624231,-8622717010617284109,-5269173534618024078,-1211098726633938625,2460618534643680568,-7456738886466036913,-3608277184029798706,9162575762571906300,-1852248359654415051,1
4781518258852928975,-9181022838054361065,7963286297190987009,6030474637297675956,4362931241850284180,-1681017941123062739,-7241573363931614581,-1902312707206603612,-5775720945342974174,1
6347937147303391348,-6283691024539342557,2016334933316660523,-4819375910663737331,-6823549776493964748,9137756827589099652,-7596893525748138329,-7260263055365302688,7627969304997389225,1
-3671153831712624231,-8622717010617284109,-5269173534618024078,-1211098726633938625,2460618534643680568,-7456738886466036913,-3608277184029798706,9162575762571906300,-1852248359654415051,1
4781518258852928975,-9181022838054361065,7963286297190987009,6030474637297675956,4362931241850284180,-1681017941123062739,-7241573363931614581,-1902312707206603612,-5775720945342974174,1
6347937147303391348,-6283691024539342557,2016334933316660523,-4819375910663737331,-6823549776493964748,9137756827589099652,-7596893525748138329,-7260263055365302688,7627969304997389225,1
-3671153831712624231,-8622717010617284109,-5269173534618024078,-1211098726633938625,2460618534643680568,-7456738886466036913,-3608277184029798706,9162575762571906300,-1852248359654415051,1
4781518258852928975,-9181022838054361065,7963286297190987009,6030474637297675956,4362931241850284180,-1681017941123062739,-7241573363931614581,-1902312707206603612,-5775720945342974174,1
6347937147303391348,-6283691024539342557,2016334933316660523,-4819375910663737331,-6823549776493964748,9137756827589099652,-7596893525748138329,-7260263055365302688,7627969304997389225,1
-3671153831712624231,-8622717010617284109,-5269173534618024078,-1211098726633938625,2460618534643680568,-7456738886466036913,-3608277184029798706,9162575762571906300,-1852248359654415051,1
4781518258852928975,-9181022838054361065,7963286297190987009,6030474637297675956,4362931241850284180,-1681017941123062739,-7241573363931614581,-1902312707206603612,-5775720945342974174,1
6347937147303391348,-6283691024539342557,2016334933316660523,-4819375910663737331,-6823549776493964748,9137756827589099652,-7596893525748138329,-7260263055365302688,7627969304997389225,1
